INFO  00:46:52,989 - Compiling source file: C:\Users\viole\OneDrive\Documents\GitHub\PP1-Projekat\workspace\MJCompiler\test\program.mj
INFO  00:46:53,000 - #13 program
INFO  00:46:53,000 - #47 MJProgram
INFO  00:46:53,000 - #47 int
INFO  00:46:53,001 - #47 x
INFO  00:46:53,001 - #4 ,
INFO  00:46:53,001 - #47 y
INFO  00:46:53,001 - #2 ;
INFO  00:46:53,001 - #10 {
INFO  00:46:53,001 - #18 void
INFO  00:46:53,001 - #47 main
INFO  00:46:53,002 - #6 (
INFO  00:46:53,002 - #7 )
INFO  00:46:53,002 - #10 {
INFO  00:46:53,002 - #11 }
INFO  00:46:53,002 - #11 }
